ILSVRC2012_val_00000009.JPEG: 0.000000
ILSVRC2012_val_00000005.JPEG: 0.000000
ILSVRC2012_val_00000004.JPEG: 0.000000
ILSVRC2012_val_00000008.JPEG: 0.000000
ILSVRC2012_val_00000003.JPEG: 0.000000
ILSVRC2012_val_00000002.JPEG: 0.663149
ILSVRC2012_val_00000001.JPEG: 0.663149
ILSVRC2012_val_00000007.JPEG: 0.000000
ILSVRC2012_val_00000006.JPEG: 0.000000
ILSVRC2012_val_00000010.JPEG: 0.000000
Average LPIPS: 0.132630
